--- Available filters and text transformations: colorize, debug, default, direct, esp32_exception_decoder, hexlify, log2file, nocontrol, printable, send_on_enter, time
--- More details at http://bit.ly/pio-monitor-filters
number read: 2048
1474304
1681408
1710080
1710080
1615616
1437696
1230592
1230592
1254144
1402624
1553408
1553408
1642496
1882112
1803008
1803008
1793024
1896448
1956864
1956864
1806080
2093824
2140928
2140928
2383616
2304000
2200576
2200576
2341632
2413312
2473984
2473984
2699264
2882560
2994944
2994944
2807808
2703360
2718720
2718720
2729984
2724608
2844416
2844416
2909952
2750208
3001344
3001344
2996224
2873088
3056640
3056640
3003392
2940672
3109888
3109888
3018496
3112704
3179264
3179264
3267584
3532800
3459840
3459840
3175168
3282944
3106560
3106560
3119104
3057664
2959360
2959360
3091200
2913024
2754560
2754560
2599936
2546432
2483200
2483200
2721792
2916352
2813696
2813696
2897664
2909184
2540544
2540544
2793216
2871296
2956032
2956032
2910208
2823168
2856960
2856960
2744320
2771968
2732032
2732032
2491136
2480128
2474752
2474752
2539264
2597888
2433792
2433792
2489088
2562048
2734848
2734848
2818816
2798336
2708480
2708480
2334720
2453504
2597888
2597888
2588672
2521856
2329344
2329344
2342912
2320384
2476800
2476800
2367488
2473728
2705152
2705152
2529280
2744064
2818048
2818048
2845440
2496512
2316032
2316032
2454272
2455552
2401280
2401280
2422784
2424576
2360320
2360320
2139136
2271232
2402048
2402048
2409216
2352128
2390016
2390016
2565120
2576128
2617344
2617344
2688000
2896896
2953984
2953984
2983680
3037184
2887680
2887680
3056640
3113728
3033088
3033088
3241984
3388416
3510272
3510272
3321600
3244032
3136512
3136512
3231744
3318784
3123968
3123968
3132160
3077120
3009280
3009280
2648832
2514688
2678528
2678528
2894848
3111936
3361536
3361536
3391232
3586816
3752704
3752704
3775232
3664896
3583744
3583744
3638272
3734528
3988224
3988224
4100096
3905536
3798016
3798016
3726080
3674112
3580672
3580672
3657728
3576832
3426048
3426048
3220224
3415808
3661568
3661568
3904256
4166400
4021248
4021248
4372224
4453376
4586496
4586496
4480768
4666112
4697088
4697088
4772608
4954880
5181184
5181184
5252864
5412608
5542912
5542912
5532672
5335808
5346304
5346304
5463808
5438208
5142272
5142272
5074944
5128960
5188608
5188608
5255936
5438208
5250048
5250048
5219328
5209856
5329920
5329920
5190400
5356544
5445376
5445376
5543936
5615616
5805824
5805824
5678848
5574656
5668864
5668864
5710848
5820416
5730048
5730048
5705728
5545728
5464064
5464064
5392128
5145344
5210112
5210112
5188608
5076736
4820992
4820992
4754432
4944640
5077760
5077760
5197568
5283840
5172224
5172224
5415680
5305344
5326848
5326848
5285888
5549056
5713664
5713664
5824256
5911552
6150912
6150912
6084608
6238208
6260736
6260736
6330112
6764544
6508544
6508544
6103808
6375168
6457088
6457088
6440960
6285312
6262784
6262784
6422528
6337280
6246400
6246400
6357760
6521600
6480640
6480640
6465536
6415360
6472704
6472704
6596608
6627072
6726400
6726400
6913792
7065344
7091968
7091968
7221248
7014144
7055104
7055104
7324672
7283456
7457536
7457536
7596800
7782144
7716608
7716608
7331840
7429888
7404288
7404288
7414784
7509760
7432960
7432960
7566080
7348224
7447552
7447552
7563008
7338752
7378944
7378944
7328768
7389184
7373824
7373824
7680000
7727872
7759616
7759616
7795456
7736064
7639808
7639808
7891968
7624704
7879424
7879424
7901184
8014592
7931648
7931648
7995392
7876608
7660288
7660288
7753472
7862016
7879680
7879680
7801856
7842816
7867392
7867392
7766784
7789312
7747584
7747584
7623680
7881472
7930624
7930624
8102656
8033024
7769088
7769088
7826432
7758592
7927808
7927808
7768832
7870464
8178688
8178688
8158976
8131584
8272896
8272896
8014592
8073984
7997184
7997184
8067840
7948288
7956480
7956480
7843840
7934720
8212224
8212224
8451840
8625920
8583936
8583936
8741632
8742912
8820480
8820480
9106176
9095936
9078528
9078528
9026560
9153280
9081856
9081856
9072640
9066496
9168640
9168640
9233152
9394176
9286656
9286656
9495296
9457408
9444352
9444352
9459712
9431040
9335552
9335552
9558016
9645824
9858048
9858048
9911296
9759488
9843712
9843712
9869312
9697024
9928704
9928704
10116864
9924352
9845504
9845504
10005248
10103552
10072832
10072832
9851648
9920256
9983744
9983744
9954304
9905920
10028032
10028032
9974784
10024960
10147584
10147584
10176512
10211072
10287872
10287872
number read: 2048
7783168
15762432
5080832
5080832
10328832
7090944
134144
134144
4417536
10548224
8955648
8955648
12193536
4976640
13436672
13436672
13823744
13625088
6888448
6888448
4186112
13731840
14040832
14040832
3346176
5932032
8417024
8417024
6065152
12555264
3521280
3521280
7290624
13683456
9200640
9200640
1249024
6129408
7400448
7400448
1274624
1976064
9678848
9678848
8963072
12142336
15808512
15808512
3629824
4652032
10358528
10358528
2472704
10284032
14603008
14603008
5256960
2068224
12936960
12936960
5963776
11257856
5208832
5208832
2227968
3080960
11175936
11175936
6262784
16038912
8761344
8761344
562176
6870016
8099584
8099584
5835520
1256192
11270912
11270912
14984960
3212288
4093696
4093696
5352448
12879872
875520
875520
11326208
8533760
13846272
13846272
3408896
3002112
4241408
4241408
5458688
2579456
8497920
8497920
10822400
12687104
11815936
11815936
13552384
13879296
1451008
1451008
13163520
10135296
14969600
14969600
11700224
9385728
4695808
4695808
5230336
1120000
11802368
11802368
7161600
4450304
10785792
10785792
15946496
2652928
16001792
16001792
11415296
13318912
16012032
16012032
12306176
9925376
7462912
7462912
14254848
5897216
11878400
11878400
10326016
1654528
13994752
13994752
2674688
3104768
14183168
14183168
8198912
5644032
4909056
4909056
1622784
9227008
9207808
9207808
1876736
11235328
15036416
15036416
7798528
12840960
11816960
11816960
6873856
3351296
10727424
10727424
12857344
4009984
16361216
16361216
1665792
5561088
8221440
8221440
4995072
12000000
13068032
13068032
9168896
4748032
15313920
15313920
14755840
6466560
4769792
4769792
14042880
6882304
5894144
5894144
10125056
872192
1645312
1645312
6499072
12745728
11335680
11335680
2348800
9950208
9784320
9784320
10989568
7808000
12822528
12822528
15678464
1987328
5828352
5828352
6310912
16587776
210944
210944
3914752
12455936
8239104
8239104
9375744
5690112
7111680
7111680
6033408
16673536
13758464
13758464
1330176
7605248
5796864
5796864
7905280
7502592
6908928
6908928
6053888
8945664
9982720
9982720
15378176
4322304
3702528
3702528
3171072
1818368
6059008
6059008
2292736
2712320
9890560
9890560
7356160
5841920
8680448
8680448
6811648
14388224
5958400
5958400
4945920
2412544
1454848
1454848
15682560
9766656
5173248
5173248
1362688
11248640
14694144
14694144
3260160
14001152
6030336
6030336
4536064
13204224
7886848
7886848
8323072
16024320
484352
484352
11967232
11435008
1592064
1592064
16446464
5325824
10451712
10451712
13766400
9021184
14206720
14206720
1308672
10794752
14148352
14148352
4307968
7750656
6720256
6720256
12123904
551936
7621376
7621376
7897856
9720576
2678528
2678528
3084288
1368832
4864000
4864000
1855488
1284864
5351168
5351168
1695744
2440192
10705920
10705920
10013696
5929728
12345344
12345344
70656
15974144
12857344
12857344
3513088
11897600
3226624
3226624
6611712
15220480
9805568
9805568
13641472
6702848
8348416
8348416
10179584
371456
2259968
2259968
12460800
1766144
11512576
11512576
1062656
13199360
13238272
13238272
1281792
12896256
15128320
15128320
10770176
11989760
16478976
16478976
14183424
5122048
5862400
5862400
908288
14419712
10230528
10230528
1917952
9449472
4892416
4892416
437248
14741248
13967360
13967360
8908800
11362304
7910400
7910400
6813696
4743936
14530560
14530560
15338240
2724864
15717376
15717376
7026688
13884416
2498560
2498560
13968128
7908352
4713472
4713472
4636672
4113152
8116992
8116992
12228608
5032960
6773760
6773760
10388480
4698112
9739008
9739008
2515712
10983424
14393088
14393088
3998720
8723456
7756544
7756544
6881024
14382848
14404352
14404352
9058304
2064384
14060288
14060288
5411840
16441344
12290048
12290048
610048
14713856
4354048
4354048
14181376
2748160
15005696
15005696
11428608
5963776
12904192
12904192
1260544
14304000
16370432
16370432
16088064
3629056
243712
243712
2120448
16578304
9594880
9594880
16286464
14112512
11125504
11125504
4157440
14309376
4757504
4757504
3621888
9455360
170752
170752
2523136
1794048
7387904
7387904
1239040
1669888
2214656
2214656
8930304
7397376
10833664
10833664
13709312
9737216
9788160
9788160
11672576
6561536
15484672
15484672
1694464
12773376
5698304
5698304
10381056
15593472
12316672
12316672
10101760
13341696
3605504
3605504
7964416
12733440
4954112
4954112
1296384
4103936
12405504
12405504
280576
1678336
16308224
16308224
